Genes	BAT1	BAT2
30	5.99762600999627	9.49707404301917
83	-3.20279750738344	-1.9603943653785
235	4.48872601303309	-1.9603943653785
488	6.92538711574865	8.71909153979629
534	11.0435384974688	11.214200184391
549	3.41153405688468	5.34387609070427
652	3.17039299139151	1.61141113666629
726	9.17319859865437	9.05062322942194
772	-3.20279750738344	-1.9603943653785
1472	-3.20279750738344	-1.9603943653785
1629	-0.650183960651507	-1.9603943653785
1670	1.38256487213812	-1.9603943653785
1716	-3.20279750738344	-1.9603943653785
1886	-3.20279750738344	-1.9603943653785
1967	6.23624011618373	7.56684801985415
1973	10.8472076415467	11.0247675022544
1981	11.6062020808162	11.5122138310105
1982	11.5266152377746	10.0753883028818
1985	8.74508308715836	10.263485797423
1990	11.2800943923212	11.8068099570487
2014	9.62852499761961	9.1564187208471
2020	11.4277134450893	11.8796025602873
2025	9.18657122069493	10.5277898098326
2026	8.67962715200994	10.6162174731511
2031	1.7291250256038	7.86572036704349
2052	10.9909040995129	9.90424254012087
2066	3.06542088017739	1.61141113666629
2067	11.9657843680273	12.4998741842925
2069	5.32422500116316	2.76054200132489
2087	10.4800823778088	10.2300830202586
2091	4.13388850305514	8.70241384062188
2205	10.6240074278027	8.17592105888116
2214	3.80579408575004	6.44725555447413
2224	-3.20279750738344	-1.9603943653785
2240	8.25993102737168	9.33944822454185
2276	-1.6454980879639	-1.9603943653785
2301	-1.21714428338257	-1.9603943653785
2302	10.8801543647681	11.1225069053842
2325	-3.20279750738344	-1.9603943653785
2355	9.92407132958114	8.60435151835628
2391	7.4054305395333	6.65020814519918
2402	9.29953772267289	10.9065658413666
2406	1.83426298395125	1.61141113666629
2516	11.3119202587719	9.51051968670701
2535	3.62639472472821	2.34591050802666
2544	9.46972169373869	9.68436826462239
2563	6.43609015765511	5.63856628509968
2567	4.43833307788905	1.61141113666629
2614	8.66342695106828	9.91708464014916
2626	7.81308543315623	6.53000803854995
2671	4.82287355235665	5.95618582559237
2672	8.14127601157901	8.36637176223908
2696	6.62955475142094	6.11322867386775
2719	7.92595579454307	8.45284070810559
2745	9.8497395222644	10.6562944515928
2747	5.47625312167003	5.98658694240207
2754	7.00702993615742	4.32552827041555
2784	3.53455265487085	-1.9603943653785
2804	1.21923666861427	5.74069877102963
2820	-0.240464494845743	-1.9603943653785
2845	3.95170757190404	-1.9603943653785
2853	9.10167589197699	9.10167589197699
2872	5.60063713683716	6.38200270498077
2873	2.95836038917428	-1.9603943653785
2884	7.04091510334125	7.95255416446395
2887	7.0893759896198	9.63586883249103
2888	8.73775524266406	8.07689279378897
2917	10.8892025360287	11.0911803848027
2936	-0.255387704101643	-1.9603943653785
2980	7.96843159980202	8.06005607143216
2990	8.06005607143216	6.69530742377212
2991	10.1611753645006	9.140453614598
2992	10.5788340645813	11.6062020808162
3002	4.50675258640472	7.11021352824724
3039	5.30975501389278	6.87234631302698
3040	8.54308950882386	7.85752088548793
3043	-0.160936823277957	1.61141113666629
3045	10.1803094794572	10.7182108169106
3048	8.31204748100486	8.64893062439859
3050	5.41830678708883	3.96492899724406
3058	13.6284198591158	13.7577914291049
3059	13.1937573064161	13.477814767968
3060	12.050352789367	12.4683896295714
3061	8.13305693752848	9.81221204558933
3062	9.96898733135155	9.44948363743151
3066	12.3067047106692	12.050352789367
3067	11.1429171101623	11.3119202587719
3068	9.00951571246721	8.59601929669712
3069	10.2232095691008	10.8552352874966
3070	10.020989586189	10.7847570325274
3072	10.7030143933798	11.2249041415395
3075	6.997264543349	8.99991851453266
3077	4.21539289627069	6.90587407021777
3087	-1.6454980879639	-1.9603943653785
3088	9.80895255737686	7.22824857317466
3090	8.28494720632814	9.0749480181919
3093	8.49703942687384	6.88187478593561
3094	7.38013875363194	7.15763787278116
3098	-3.20279750738344	-1.9603943653785
3103	0.963922210978543	4.79026580275729
3110	2.19264876475188	6.70488201913985
3115	4.81039327378588	5.99762600999627
3117	6.14533840296524	7.195068835111
3123	5.85125913363478	7.01912118981387
3132	9.13342079567706	9.46972169373869
3175	0.246651865271097	-1.9603943653785
3183	13.3645051806989	13.2770936484342
3222	0.618814336111458	-1.9603943653785
3361	7.99725131203862	9.42175655851903
3363	9.40753158051757	5.9334005618911
3389	4.4723525228754	4.43833307788905
3417	-3.20279750738344	-1.9603943653785
3418	10.7182108169106	6.91686781560003
3433	-3.20279750738344	-1.9603943653785
3452	8.64056528215466	7.13817985968643
3464	5.62583249270101	2.76054200132489
3480	1.92066351038333	5.05620854109913
3481	-3.20279750738344	-1.9603943653785
3482	-3.20279750738344	-1.9603943653785
3484	7.06753365613331	10.0076415858675
3510	0.177062058139861	2.34591050802666
3523	5.70314054692628	2.76054200132489
3553	10.2502551685984	9.54933436459014
3584	5.50738787307979	9.14841800219954
3591	7.42539824110216	8.39794000974962
3606	7.68393617811352	5.38994002858887
3646	10.0532974435115	7.96843159980202
3700	8.91064063817037	10.6482717113513
3789	8.78521963227686	7.00702993615742
3813	1.49264756552522	-1.9603943653785
3820	2.78156685367502	-1.9603943653785
3831	9.25007704962896	6.51116386632468
3833	-3.20279750738344	-1.9603943653785
3851	8.30384814618421	7.20338016143254
3852	9.37239951996411	8.23485366757871
3853	3.25455256415939	7.38778030146088
3862	8.57598168522624	7.55077122612337
3868	-1.06149707129236	-1.9603943653785
3871	2.34591050802666	3.96492899724406
3873	0.457958761427207	-1.9603943653785
3883	6.40062891186406	3.62639472472821
3888	8.79395355563401	8.18446481818078
3906	8.45284070810559	7.96088389672873
3915	-1.06149707129236	-1.9603943653785
3922	13.7577914291049	7.07297238382279
3968	11.1225069053842	11.5266152377746
3976	12.0948425072399	11.8262937815624
4008	9.55540639079264	7.07297238382279
4094	2.25815215180496	-1.9603943653785
4099	0.159808277404332	6.54784567282896
4121	6.84088151255064	10.1733275693785
4159	10.9819021385885	10.4385880414235
4171	-3.20279750738344	-1.9603943653785
4179	2.92090326953256	-1.9603943653785
4191	4.01752648551281	1.61141113666629
4192	4.52038150709609	3.1452722671279
4216	10.7920188604267	9.80140378014501
4245	8.51083509525162	8.76315825166603
4246	8.9921029048203	7.53314697522551
4248	9.64229821059221	9.87001745444806
4249	9.28615235484642	8.77234949843877
4251	7.27338484260554	5.35795605779787
4262	9.3233113780989	8.80992705976501
4307	12.3923465647398	12.8255887098156
4319	6.85205722256067	7.64760137304292
4339	8.76315825166603	9.44351432171035
4369	9.94179480105219	8.67085618816541
4421	7.13817985968643	6.04384330259788
4423	1.4520155844552	2.76054200132489
4428	4.76256142610198	3.62639472472821
4441	-1.37739040545625	-1.9603943653785
4458	6.18032200179684	3.62639472472821
4470	-3.20279750738344	-1.9603943653785
4514	9.88311027772251	7.69437951660381
4516	-3.20279750738344	1.61141113666629
4539	6.44725555447413	7.39872523595049
4588	8.40562739399093	8.48220536420166
4592	11.2676764057763	10.1869047201006
4593	7.85054120072035	4.24829126482855
4598	3.04043668404387	6.28462415380263
4599	8.67085618816541	8.01669926312602
4618	10.4032517397924	10.8978407194232
4619	13.477814767968	13.3645051806989
4620	10.8365746472177	11.6618694651854
4623	2.85118356780772	5.25212226550374
4642	-3.20279750738344	-1.9603943653785
4661	7.5952775347755	8.3298241484239
4663	7.09928876927418	8.45896593610866
4670	9.83007848823672	10.1487163173533
4674	10.9648602179073	7.09928876927418
4718	7.3068683315992	6.53914248450707
4728	12.7756726230865	13.6284198591158
4751	0.635471082544136	4.58827315049925
4756	3.43028951977307	4.64956179248899
4759	5.44404003456252	3.1452722671279
4771	6.2246147230998	5.72866080246493
4780	-3.20279750738344	-1.9603943653785
4839	11.3410771891217	10.6712800353635
4846	-1.37739040545625	-1.9603943653785
4876	8.47494306825089	8.32045282854394
4889	1.79000603960439	1.61141113666629
4909	11.0000892678735	10.6322159740622
4929	-1.6454980879639	-1.9603943653785
4956	-0.969564897572965	-1.9603943653785
4971	10.3621770325844	9.27199343282186
4999	7.16521490149067	3.1452722671279
5004	2.52469659334721	1.61141113666629
5008	7.54200788868633	3.4860111985109
5069	8.48902468060014	6.83291048855375
5076	-0.063347961754707	-1.9603943653785
5088	9.66176587659357	11.3265968948032
5091	10.2897059578884	10.9648602179073
5093	12.6158465542408	12.686903250613
5095	11.1723064394835	11.1617708194998
5097	10.8013693369235	11.6182063087367
5099	11.8961722811687	11.9498453395797
5101	10.5069935253341	10.9819021385885
5102	11.2910397149347	11.2800943923212
5103	11.9313547115625	12.7299471042128
5119	-0.385164338669613	-1.9603943653785
5127	0.330366553291356	-1.9603943653785
5128	-0.00378519651108286	1.61141113666629
5167	-1.37739040545625	-1.9603943653785
5192	-3.20279750738344	-1.9603943653785
5213	-3.20279750738344	-1.9603943653785
5230	1.30079797633661	-1.9603943653785
5232	-3.20279750738344	-1.9603943653785
5250	11.7421999183529	11.9313547115625
5252	9.78101464664247	10.7603655691411
5254	10.7262326006606	10.9313502182941
5255	8.37613938355465	7.82262627946646
5275	9.99536063666753	9.12595221762026
5295	-3.20279750738344	-1.9603943653785
5300	11.402835604372	12.0948425072399
5336	9.41450785452551	11.0074798539406
5340	8.69532962236427	9.36064103646772
5341	3.12459244175935	4.87618695616971
5358	10.0329315062849	10.1265831760991
5367	9.01705845086816	11.402835604372
5373	1.436040865992	-1.9603943653785
5382	-3.20279750738344	-1.9603943653785
5411	11.8068099570487	4.61117329347314
5419	6.93699011506364	3.4860111985109
5452	10.5552706409203	11.4154439694942
5453	10.5346237658311	10.1189981672585
5457	-0.0299410846251597	-1.9603943653785
5576	10.7689524272096	7.28842905161831
5597	6.07877143014873	4.67155940533003
5601	6.414531316028	7.66637489108906
5614	4.11567407424056	6.78218886673918
5620	6.83291048855375	6.47747145068506
5638	-1.6454980879639	-1.9603943653785
5648	8.61378524054243	9.8497395222644
5732	9.19387861736415	8.67962715200994
5741	2.6090148398435	6.84088151255064
5746	9.91103020436779	10.0906296531906
5758	0.210994820935869	2.34591050802666
5771	4.26786930458826	5.80652471856417
5790	3.3009844152898	5.23366205993326
5800	8.06886893100117	5.76393749700457
5804	1.32157960245885	-1.9603943653785
5806	7.85752088548793	9.94764782077531
5808	-3.20279750738344	-1.9603943653785
5813	8.08763858724798	6.29660000316846
5823	5.61578084892869	7.74139842255291
5826	9.35236328908064	8.91836297289
5840	2.94485218891126	5.44404003456252
5841	10.7603655691411	10.2565871628961
5850	11.2360128838701	10.2502551685984
5864	12.4683896295714	12.2203004193406
5930	6.54784567282896	7.48318351639781
5986	4.96278912006134	5.00340789312859
5988	2.13533072124567	2.76054200132489
6004	9.0749480181919	9.74735482645833
6020	7.87581563689406	8.2947805330758
6051	11.3774144573792	10.8892025360287
6053	11.2587536932725	11.8421368221558
6062	5.45871827668135	6.30399258346664
6072	10.6482717113513	9.79114041944158
6123	7.75748705051237	7.05859046001629
6124	9.87542502552142	8.80189357342047
6125	10.5408963369617	11.3531978784066
6139	5.13747567547055	4.09801589333931
6143	5.29541660688152	3.31069972154426
6161	8.63281553535941	7.11844501977558
6178	-3.20279750738344	1.61141113666629
6237	8.10501625798291	4.36505390459797
6242	4.41916558897831	9.34590603795741
6261	3.33345959627549	5.70314054692628
6304	3.77116432152578	2.34591050802666
6331	5.38994002858887	7.35966638287379
6342	-3.20279750738344	-1.9603943653785
6345	6.79331226923419	8.75366760865141
6364	6.04384330259788	7.43831649352074
6366	6.65020814519918	6.414531316028
6371	6.21467885574244	6.58281013529835
6372	6.59933704974397	7.97830385186013
6373	7.05095696447091	7.62220568381837
6379	8.01669926312602	10.0532974435115
6484	10.0007204581618	10.2026506396403
6489	10.0906296531906	10.9405598766135
6517	12.6564900337243	12.3067047106692
6519	11.7079080521794	12.1194536373403
6520	6.95442994031097	8.96132195831657
6523	7.89444347974677	9.1803999504072
6569	6.64049317807667	6.59175851953351
6572	9.1803999504072	4.20606224318351
6587	4.6669483252943	6.96454429920315
6591	7.38778030146088	8.27651341226842
6592	9.74735482645833	6.71550904781415
6595	5.37219400351799	5.91965050773654
6611	9.26477117796025	10.9566405744021
6617	7.69437951660381	8.74508308715836
6620	9.08203989761923	6.95442994031097
6630	7.67658701667713	6.52079316912968
6642	12.1950668557053	11.4277134450893
6644	8.58467673303658	9.71176561648362
6645	10.6800240128221	10.6637338533377
6648	10.2434012183828	5.11243261507784
6654	-0.870284387535802	1.61141113666629
6689	4.94688843472448	7.31701643872467
6698	8.90164830525222	7.46255652897645
6730	5.74069877102963	5.43108206794269
6741	-1.6454980879639	-1.9603943653785
6742	2.63380908494924	-1.9603943653785
6803	11.5921806974239	11.2046639735527
6807	7.23352132836554	3.76241297797696
6815	10.4103178747948	11.1723064394835
6823	3.36871233941172	9.22080398937995
6835	-3.20279750738344	-1.9603943653785
6850	1.88400820158984	6.997264543349
6868	4.83834137093036	5.90515026325705
6875	10.2961037145885	11.5921806974239
6895	12.9297339825373	12.9297339825373
6897	10.6712800353635	10.8801543647681
6900	9.08859493354223	10.8095205944512
6956	2.98208949140683	-1.9603943653785
6998	5.21019617413863	9.27843366785234
6999	14.5715956938783	15.0741944552845
7009	6.353631911644	7.71324020503881
7066	-3.20279750738344	-1.9603943653785
7073	0.849740194498015	-1.9603943653785
7095	7.72979713708674	5.47625312167003
7098	9.86273679019619	11.5656042416814
7110	5.5717554625223	6.18536505249099
7177	10.0270446180173	9.72599768425082
7208	4.63488333870388	5.97483949553004
7239	7.65745331224628	9.96219176196561
7343	0.998646428607732	1.61141113666629
7360	-3.20279750738344	-1.9603943653785
7426	3.27154491390187	2.76054200132489
7449	10.4939514186809	9.94179480105219
7475	-1.37739040545625	2.34591050802666
7495	2.11660291514133	1.61141113666629
7507	10.0753883028818	10.2897059578884
7512	0.596257315435638	-1.9603943653785
7526	-0.304522944989536	-1.9603943653785
7540	8.03378794324558	9.93014407227299
7612	5.68825512290134	1.61141113666629
7709	8.8714556935058	5.27864757554757
7714	13.9340972506423	14.196604696235
7716	6.72709722162852	9.7193308836064
7724	7.96088389672873	5.86335653330308
7730	8.35758321771586	8.55961189461605
7733	1.95536522114731	5.02017551426098
7754	-1.21714428338257	-1.9603943653785
7788	-0.160936823277957	6.13263370074677
7793	6.97644305183232	9.75398693626152
7795	-0.870284387535802	-1.9603943653785
7819	-3.20279750738344	-1.9603943653785
7820	-0.678844242493572	-1.9603943653785
7865	-3.20279750738344	-1.9603943653785
7872	9.31521017070417	8.55204398039554
7879	9.74145126980951	9.37867630042787
7886	-3.20279750738344	1.61141113666629
7889	3.33345959627549	3.62639472472821
7899	8.2423481268053	9.60563293617559
7900	10.3090312370489	9.65864279965706
7907	11.8421368221558	10.7350159938238
7911	11.3903901919899	7.3501441920404
7926	3.45441068649355	6.73253281961025
7927	-0.870284387535802	-1.9603943653785
7931	7.56684801985415	10.5943643905029
7941	10.3142142821657	10.4939514186809
7959	9.5634494340209	9.17319859865437
7967	8.48220536420166	3.88239259820725
7998	8.75366760865141	10.1042527883361
8007	12.2775953644583	12.3923465647398
8039	2.70381574483947	3.83747512899628
8087	5.23366205993326	5.79192787569503
8100	10.1941149250704	8.16759414476355
8116	9.59195272388628	10.1941149250704
8117	10.2364856862097	9.4624406965512
9344	7.49936668735203	8.383990867813
9356	9.25602578271388	9.4564842887646
9363	-0.721996904941658	5.1835876221652
9364	7.05859046001629	7.25465710334946
9365	11.7917936466342	12.4301036472464
9370	8.3298241484239	9.25007704962896
9373	10.3022387349241	9.82244921369541
9376	4.24829126482855	4.742473546995
9382	-1.6454980879639	-1.9603943653785
9393	-0.539575031243038	1.61141113666629
9405	2.81639563615252	5.5717554625223
9422	7.195068835111	7.29826972851969
9444	0.770688926648138	6.64049317807667
9451	-0.268990558266013	-1.9603943653785
9456	11.0169541298119	8.35758321771586
9458	10.4876648089705	11.1429171101623
9466	-3.20279750738344	-1.9603943653785
9467	-3.20279750738344	-1.9603943653785
9567	-0.613777090931718	-1.9603943653785
9568	-3.20279750738344	-1.9603943653785
9602	6.96454429920315	10.4524220986883
9615	-3.20279750738344	-1.9603943653785
9616	-0.780267061208633	1.61141113666629
9635	4.91000802625657	8.25248638248777
9654	10.4306863847237	11.300833869489
9680	7.86572036704349	7.98669991134694
9764	5.9334005618911	6.4233028288276
9771	11.1023565260661	9.88311027772251
9806	11.0247675022544	10.3345157426321
9842	5.26374187923683	5.16377843689389
9847	5.03489892506223	6.12033578628499
9850	12.4998741842925	9.73307223819882
9859	11.4841129986393	11.5533481887991
9860	10.355486737295	10.7102088575644
9861	11.6776554164489	11.7589319799433
9872	-3.20279750738344	-1.9603943653785
9877	7.43831649352074	9.5634494340209
9907	5.5356797461596	8.25993102737168
9926	-3.20279750738344	-1.9603943653785
10018	10.5481750381083	9.3233113780989
10019	10.0835329549389	8.54308950882386
10033	9.96219176196561	10.2831357620636
10040	10.5000984132357	10.6878768868089
10046	11.3265968948032	10.5149632083071
10143	8.9416699113454	9.04176043045417
10146	5.67365904447448	3.31069972154426
10156	3.89994615495744	6.15841489910505
10163	7.71324020503881	7.5089466492242
10165	11.4688425855211	12.1427469208093
10167	9.84300501490336	10.0393699307199
10176	8.77885367996308	7.47465002150828
10177	8.27202461266941	5.06753842857284
10178	9.98289797542159	8.56813659014144
10181	8.44325308747019	6.02448261411806
10191	1.0217597690348	-1.9603943653785
10237	-3.20279750738344	-1.9603943653785
10245	6.58281013529835	10.0007204581618
10278	-0.613777090931718	-1.9603943653785
10280	7.31701643872467	6.23624011618373
10286	7.53314697522551	10.020989586189
10288	6.09847035502316	8.41597371136804
10304	10.8552352874966	10.5861610013819
10313	10.6386447202281	10.8472076415467
10314	11.0807007040203	11.913432975156
10315	8.88579776656694	11.0169541298119
10324	9.06769147156343	9.06769147156343
10326	10.3279462229727	9.08203989761923
10327	4.09801589333931	6.14533840296524
10328	12.3649372267969	12.8709646929068
10339	11.2249041415395	11.4841129986393
10340	9.76790918493147	9.53263605850023
10342	6.1689541662722	8.20669964495308
10379	9.42808412621299	5.84250822365651
10403	10.4237189170842	7.75748705051237
10407	10.7757573780219	9.59195272388628
10408	9.16519373101055	9.85643601059583
10409	12.8709646929068	11.693256702099
10410	10.601291404939	10.5788340645813
10411	10.8278592638214	10.5552706409203
10417	-1.6454980879639	-1.9603943653785
10421	8.27202461266941	10.2434012183828
10426	10.5643554448761	6.85205722256067
10430	7.77478874982177	10.2100481807796
10435	11.7235783464696	11.0338403958155
10439	11.8622539659286	7.45059478756983
10440	12.0302610100834	4.69211947812046
10441	11.5122138310105	6.77047772946613
10474	13.2770936484342	10.0137262978753
10498	4.69211947812046	6.82347653645633
10500	2.27800673603687	4.76256142610198
10529	11.5385333582312	6.03432423027274
10530	8.04233723284681	6.21467885574244
10572	3.01633050154125	-1.9603943653785
10586	4.86128175609723	-1.9603943653785
10633	10.263485797423	10.2766982178204
10638	1.69520572984992	4.52038150709609
10673	4.32552827041555	1.61141113666629
10833	10.9405598766135	9.47597039517772
10834	5.11243261507784	8.05068617393311
10850	11.4154439694942	9.98932099657729
10873	7.57714063848722	4.72574003554568
10891	9.91708464014916	4.77708472627392
11009	4.98701541140879	4.36505390459797
11016	-1.6454980879639	-1.9603943653785
11033	0.0256449189416816	-1.9603943653785
11062	4.38112872134549	1.61141113666629
11083	4.16993056202684	8.2423481268053
11095	-3.20279750738344	-1.9603943653785
11096	8.383990867813	6.4894463775744
11100	4.05923469742754	1.61141113666629
11111	6.03432423027274	8.79395355563401
11117	10.9225576660438	11.4966021904307
11118	-0.221245986944034	3.38753722685656
11122	3.78918079513115	-1.9603943653785
11140	3.73513454594801	6.73253281961025
11153	5.02017551426098	1.61141113666629
11157	12.1427469208093	7.03060093303704
11162	3.19847119809485	1.61141113666629
11163	7.90503320894249	5.87113992182786
11205	9.53912136255472	7.63021003325806
11286	5.88352750918686	9.13342079567706
11288	9.77438256196624	11.4394357027612
11455	10.1042527883361	10.4800823778088
11479	10.6162174731511	10.7262326006606
11485	-3.20279750738344	-1.9603943653785
11542	5.07952941339904	5.49484579149803
11545	10.0462725334579	10.4662150272599
11586	7.26466870768783	7.34027663519931
11638	9.11851379232965	6.67352159801935
11706	10.3201716665438	9.77438256196624
11735	14.196604696235	14.5715956938783
11774	7.32935055076959	7.61391166194056
11822	10.8724303807041	11.1128086346827
11897	7.48318351639781	7.85054120072035
11904	11.7739298518464	11.2459881057774
11943	9.72599768425082	9.57033012148019
11976	7.45059478756983	8.09603725651011
12002	7.72136854101687	7.58833791175786
12004	1.51156961590475	1.61141113666629
12019	12.2472523752332	11.0611331647229
12046	3.08898786286967	-1.9603943653785
12049	10.8095205944512	9.91103020436779
12074	9.75398693626152	10.8013693369235
12075	5.6628124647553	5.6628124647553
12077	7.20338016143254	4.98701541140879
12090	6.66040655016247	4.83834137093036
12100	8.64893062439859	9.57764398205833
12103	1.81107395989917	-1.9603943653785
12110	11.8796025602873	11.7421999183529
12115	8.84937586170546	9.35236328908064
12138	10.1733275693785	10.3279462229727
12145	9.14841800219954	8.34815107081448
12150	-1.6454980879639	-1.9603943653785
12165	5.76393749700457	3.1452722671279
12167	11.9498453395797	11.5385333582312
12173	2.45213892061608	5.60063713683716
12195	10.1869047201006	10.8655829253948
12200	6.38939983640158	3.76241297797696
12221	8.51860679139762	9.02462077737832
12228	12.8255887098156	12.987990149343
12230	10.3473184145606	10.4458680141692
12237	9.93510349844064	10.3142142821657
12278	4.87618695616971	3.4860111985109
12281	-0.539575031243038	-1.9603943653785
12308	3.75366163442815	4.67155940533003
12312	8.68769917686869	9.74145126980951
12355	8.45896593610866	8.1227824491626
12360	9.27843366785234	8.97589007800384
12372	-1.06149707129236	-1.9603943653785
12379	7.94314450982618	4.23147160716711
12390	6.67352159801935	10.3201716665438
12396	13.0528088360498	13.0528088360498
12416	4.67617048536577	2.34591050802666
12427	10.3345157426321	10.8278592638214
12990	7.80369246772197	8.64056528215466
13067	7.88462788699226	9.64229821059221
13081	0.904066995124005	-1.9603943653785
13094	1.74662495952034	4.63488333870388
13161	10.2831357620636	5.50738787307979
13194	11.6473096512721	12.1950668557053
13201	3.68718140746126	6.62955475142094
13229	-3.20279750738344	-1.9603943653785
13235	9.93014407227299	9.51799240762829
13270	9.8154715338018	8.63281553535941
13296	7.37006479045161	7.77478874982177
13298	10.7102088575644	10.6240074278027
13301	7.1852680781985	9.67642155227928
13323	4.14995991696653	2.76054200132489
13331	10.2165586196913	10.2165586196913
13360	5.91965050773654	2.76054200132489
13402	6.11322867386775	6.2246147230998
13404	-3.20279750738344	-1.9603943653785
13405	5.80652471856417	6.01491614353142
13409	-3.20279750738344	-1.9603943653785
13411	-0.721996904941658	6.36400776598618
13413	4.23147160716711	7.26466870768783
13414	11.4547888882085	10.7757573780219
13454	9.7949282025602	7.89444347974677
13459	4.01752648551281	3.1452722671279
13465	10.168151457992	11.6473096512721
13534	8.50430574137527	5.68825512290134
13556	-3.20279750738344	-1.9603943653785
13562	9.90424254012087	10.4032517397924
13563	5.56161889699817	5.82499002713134
13564	-3.20279750738344	-1.9603943653785
13565	-3.20279750738344	-1.9603943653785
13566	2.36469810729591	3.4860111985109
13594	6.25107607553856	5.65067416599716
13612	-0.467493254605692	-1.9603943653785
13623	-0.282538025437615	1.61141113666629
13686	-3.20279750738344	-1.9603943653785
13688	2.76054200132489	2.34591050802666
13696	7.52063247288898	8.83469482199546
13698	6.36400776598618	6.79331226923419
13709	6.19040810318514	5.75281126415
13719	0.425253138413214	-1.9603943653785
13720	3.82811314919551	2.34591050802666
13730	7.97830385186013	4.97610673185188
13744	9.3954175545959	6.19986914112967
13767	9.64849593620684	5.22479477737836
13773	9.68436826462239	8.47494306825089
13775	-3.20279750738344	-1.9603943653785
13780	12.2203004193406	12.1709178947262
13787	11.4966021904307	12.2775953644583
13789	9.3874733357598	10.3688919896104
13790	10.8978407194232	10.6961546921124
13792	9.60220678669872	11.0530906849328
13794	10.4524220986883	10.4876648089705
13802	11.0611331647229	11.6776554164489
13804	9.05062322942194	10.0270446180173
13805	12.1194536373403	12.2472523752332
13807	11.1521397426643	11.8961722811687
13808	12.0109003803481	12.6564900337243
13811	10.8655829253948	11.7917936466342
13813	11.8262937815624	11.3903901919899
13815	8.85590179712365	9.95558901706516
13819	10.2706380679885	10.7030143933798
13822	7.93526201422618	9.62048178272486
13825	10.4458680141692	10.355486737295
13834	11.0911803848027	10.2232095691008
13836	5.75281126415	7.84119885665686
13859	7.41627049514877	4.14192421001084
13880	-1.06149707129236	1.61141113666629
13884	5.27864757554757	2.76054200132489
13900	10.6961546921124	10.9909040995129
13925	1.12165197144083	-1.9603943653785
13964	6.4233028288276	5.09422524286122
14027	10.0137262978753	11.0435384974688
14028	12.5392471906138	12.7756726230865
14033	5.06753842857284	8.13305693752848
14049	2.72586394614775	1.61141113666629
14073	8.00674610171358	8.57598168522624
14111	10.3955034203168	9.49134486656178
14127	9.76067839288985	9.26477117796025
14142	6.98722414093606	7.80369246772197
14173	9.36064103646772	9.03280907086824
14198	-3.20279750738344	1.61141113666629
14206	8.34815107081448	10.4103178747948
14208	-3.20279750738344	-1.9603943653785
14211	-0.678844242493572	-1.9603943653785
14217	4.30667133163296	-1.9603943653785
14219	4.34729852285056	4.02847409032548
14220	-3.20279750738344	-1.9603943653785
14232	2.31448547507291	6.50001805039151
14236	8.07689279378897	3.92712959291653
14247	-1.06149707129236	-1.9603943653785
14270	9.80140378014501	9.3874733357598
14271	3.71170364867811	6.31481924093233
14276	-3.20279750738344	-1.9603943653785
14290	5.35795605779787	6.25107607553856
14291	9.51799240762829	10.9225576660438
14374	10.3688919896104	9.20691048186406
14392	6.75859751562536	7.32935055076959
14396	2.55008505469849	-1.9603943653785
14416	1.5449335817495	-1.9603943653785
14423	6.86290577298554	8.06886893100117
14425	0.447700382576923	-1.9603943653785
15612	9.53263605850023	9.62852499761961
15650	1.36109277122451	5.12576213560022
15669	9.7052188428249	10.3412654414471
15675	5.54612305092682	4.82287355235665
15677	3.96492899724406	6.59933704974397
15700	9.24325378806344	8.73775524266406
15701	10.9065658413666	10.3826503067004
15722	3.21477852030639	5.15196418027798
15723	9.09535309341149	7.3068683315992
15724	8.36637176223908	7.24752535605686
15730	9.02462077737832	10.5481750381083
15732	8.70241384062188	9.40753158051757
15737	1.99078794661411	4.26786930458826
15748	3.49593251886451	5.62583249270101
15793	8.83469482199546	5.19772685749602
15829	9.83660464154981	5.85125913363478
15838	11.5795767844452	11.2360128838701
15925	11.9889448601022	11.7739298518464
15927	-1.21714428338257	1.61141113666629
15929	4.742473546995	7.72979713708674
15932	7.83289241959202	3.96492899724406
15942	-3.20279750738344	-1.9603943653785
15948	5.95095230758774	3.1452722671279
15956	8.42565276673947	9.24325378806344
15971	4.53726547779612	6.353631911644
15979	5.81665946368093	3.1452722671279
16003	5.09422524286122	2.76054200132489
16010	10.9566405744021	9.84300501490336
16012	12.1709178947262	12.0302610100834
16018	7.63021003325806	7.81308543315623
16024	12.5764307090243	12.0109003803481
16029	8.92680112728347	6.45967367344533
16043	1.67492653014749	5.71620262556056
16058	0.804788329472359	-1.9603943653785
16061	6.70488201913985	7.83289241959202
16071	6.12033578628499	5.5356797461596
16103	-3.20279750738344	1.61141113666629
16120	2.00644424904499	7.42539824110216
16135	6.59175851953351	9.81221204558933
16147	0.394996842988608	1.61141113666629
16155	6.90587407021777	9.65864279965706
16174	6.13263370074677	2.76054200132489
16175	-3.20279750738344	-1.9603943653785
16231	8.96132195831657	8.49703942687384
16267	5.77822283518043	8.68769917686869
16284	8.87932693347689	8.9683194654451
16317	4.77708472627392	4.48053926795425
16328	7.11844501977558	9.78101464664247
16329	6.91686781560003	7.76898420316534
16333	5.84250822365651	6.89375196679884
16344	7.03060093303704	9.19387861736415
16352	7.78441239950209	9.86273679019619
16354	5.63856628509968	3.62639472472821
16360	11.3651907519189	11.2587536932725
16422	5.19772685749602	6.08844189530467
16430	-3.20279750738344	-1.9603943653785
16455	11.1128086346827	10.9144009309769
16465	-3.20279750738344	-1.9603943653785
16466	-3.20279750738344	-1.9603943653785
16470	-1.6454980879639	1.61141113666629
16507	9.48293192719846	9.55540639079264
16510	4.61117329347314	4.53726547779612
16519	-3.20279750738344	-1.9603943653785
16523	0.743239839365287	3.1452722671279
16526	8.18446481818078	9.61296467687374
16536	9.66938180628453	10.1803094794572
16540	9.29235667990363	9.48293192719846
16553	0.513838901899036	1.61141113666629
16561	7.39872523595049	8.91064063817037
16579	8.97589007800384	8.88579776656694
16585	5.12576213560022	6.92538711574865
16587	6.77047772946613	3.38753722685656
16588	1.24028425641781	-1.9603943653785
16593	11.1820911325904	11.0000892678735
16624	4.64956179248899	3.1452722671279
16645	7.63833544225907	7.55901658292625
16658	11.1310315924611	11.7235783464696
16673	7.84119885665686	8.78521963227686
16676	7.95255416446395	6.43609015765511
16681	9.49134486656178	8.02684911629348
16706	11.0074798539406	11.4688425855211
16728	6.26189218638637	7.91351651286646
16740	2.40103062626703	-1.9603943653785
16750	10.6878768868089	9.79114041944158
16754	7.49052918942572	8.69532962236427
16755	-3.20279750738344	-1.9603943653785
16756	-3.20279750738344	-1.9603943653785
16764	6.52079316912968	7.5952775347755
16767	7.23352132836554	4.96278912006134
16770	6.06185918818043	7.37510177204177
16781	5.95095230758774	8.08763858724798
16785	5.96563179651015	7.67658701667713
16789	2.43501501384879	2.34591050802666
16826	10.520695342222	10.520695342222
16827	6.68416607705858	8.2675358130704
16831	8.55204398039554	10.5408963369617
16858	8.39794000974962	8.31204748100486
16862	8.9683194654451	10.1611753645006
16863	-3.20279750738344	-1.9603943653785
16865	11.6182063087367	10.2364856862097
16867	-0.353484602222343	-1.9603943653785
16870	5.87113992182786	3.38753722685656
16928	-3.20279750738344	-1.9603943653785
16961	8.41597371136804	8.28494720632814
16965	5.15196418027798	5.77822283518043
16982	-3.20279750738344	-1.9603943653785
17050	8.22370082053868	9.69831868961416
17077	9.98932099657729	9.41450785452551
17078	10.7350159938238	10.3090312370489
17080	9.23707731302792	7.23879408355642
17082	9.49707404301917	8.66342695106828
17085	9.65551972272054	9.36609315973205
17090	11.5656042416814	11.8622539659286
17092	7.70465073480604	8.90164830525222
17097	9.44351432171035	8.00674610171358
17098	7.74139842255291	5.81665946368093
17106	9.36609315973205	8.89432038512811
17108	10.0984468381881	6.27331519617414
17110	5.5227745065887	8.1504714808846
17124	1.47426442689079	5.41830678708883
17154	-3.20279750738344	-1.9603943653785
17185	11.0338403958155	10.3761240722593
17189	4.71425480397291	4.92530912083775
17214	5.1835876221652	3.38753722685656
17239	6.27896967498838	4.71425480397291
17241	5.82499002713134	6.97644305183232
17245	8.25248638248777	7.21946419153769
17288	8.11355738073588	9.09535309341149
17289	11.2459881057774	10.4306863847237
17309	11.2046639735527	10.168151457992
17310	10.1416830240498	10.0612509870225
17311	8.23485366757871	9.19962219916037
17320	10.1546619499065	8.03378794324558
17323	9.73307223819882	10.1119969852998
17334	-1.37739040545625	-1.9603943653785
17350	-1.21714428338257	-1.9603943653785
17352	-1.21714428338257	2.34591050802666
17368	8.1227824491626	6.68416607705858
17369	0.579224798697635	-1.9603943653785
17384	9.61296467687374	8.77885367996308
17390	10.1119969852998	9.59878063722184
17397	9.4624406965512	8.48902468060014
17400	7.35966638287379	8.44325308747019
17437	-3.20279750738344	-1.9603943653785
17441	10.2565871628961	11.0807007040203
17450	3.1452722671279	4.36505390459797
17453	8.84186303342496	8.92680112728347
17456	2.90356231601272	5.88352750918686
17486	-3.20279750738344	-1.9603943653785
17489	-3.20279750738344	-1.9603943653785
17522	9.50364836680592	9.22937477999976
17527	4.92530912083775	3.38753722685656
17547	9.51051968670701	8.4679519696057
17556	10.0612509870225	10.2706380679885
17573	1.65928613465039	1.61141113666629
17587	8.99991851453266	10.0835329549389
17588	8.81802153406984	8.58467673303658
17592	-3.20279750738344	-1.9603943653785
17617	9.40106087214318	10.0329315062849
17636	6.30399258346664	9.31521017070417
17665	-3.20279750738344	-1.9603943653785
17668	0.69081058139781	-1.9603943653785
17725	-0.160936823277957	-1.9603943653785
17728	6.51116386632468	3.62639472472821
17732	-3.20279750738344	-1.9603943653785
17753	10.4177281641791	9.87542502552142
17759	3.85971381685033	-1.9603943653785
17842	-3.20279750738344	-1.9603943653785
17857	15.0741944552845	13.9340972506423
17879	10.5149632083071	11.1932105344232
17898	7.15763787278116	9.16519373101055
17909	-1.37739040545625	-1.9603943653785
17923	3.38753722685656	6.09847035502316
17978	8.1504714808846	8.98397600458668
18014	8.56813659014144	9.58574883482683
18015	8.2947805330758	9.64849593620684
18016	7.3501441920404	10.601291404939
18021	5.00340789312859	6.06185918818043
18022	10.7431704578124	10.3022387349241
18024	9.47597039517772	9.29953772267289
18036	10.7847570325274	10.5000984132357
18044	9.57764398205833	9.66938180628453
18047	10.2026506396403	10.4237189170842
18050	10.9732152373413	11.3774144573792
18051	8.52811204737717	8.93366551221975
18054	9.94764782077531	10.5643554448761
18057	7.14761504730226	8.84186303342496
18059	10.2300830202586	10.0984468381881
18060	10.4662150272599	11.0705652566606
18063	6.08844189530467	5.30975501389278
18082	10.1487163173533	10.9482488511538
18087	9.30790514774359	9.30790514774359
18097	9.78735263632297	9.40106087214318
18105	11.1932105344232	11.1820911325904
18108	9.05849745825566	10.3621770325844
18110	10.8194455687472	10.8194455687472
18112	10.5861610013819	10.8365746472177
18126	10.6322159740622	10.9732152373413
18127	7.79444567339458	9.3954175545959
18138	8.55961189461605	6.80363065469487
18161	12.686903250613	9.83660464154981
18194	-3.20279750738344	-1.9603943653785
18196	7.28842905161831	9.18657122069493
18197	10.1189981672585	9.11074323206926
18205	11.300833869489	7.16521490149067
18210	0.0583948740623972	6.1689541662722
18254	4.79026580275729	3.83747512899628
18291	8.91836297289	9.7052188428249
18305	7.07841111151227	9.25602578271388
18324	7.55901658292625	8.81802153406984
18329	7.74935551801111	8.15969632203894
18334	4.39885090858743	2.34591050802666
18337	7.58833791175786	9.11851379232965
18341	5.72866080246493	4.11567407424056
18364	3.47608987815728	-1.9603943653785
18365	10.3761240722593	12.5392471906138
18366	8.17592105888116	7.68393617811352
18372	-3.20279750738344	-1.9603943653785
18373	-3.20279750738344	-1.9603943653785
18374	-3.20279750738344	-1.9603943653785
18450	9.63586883249103	9.21345018757846
18455	4.45932173456285	5.07952941339904
18458	11.6618694651854	11.2910397149347
18461	10.472717707661	10.5724770434967
18462	11.3531978784066	12.6158465542408
18476	8.72740578673832	9.96898733135155
18491	2.03902926144055	6.38200270498077
18502	9.67642155227928	11.4547888882085
18515	7.61391166194056	5.94571878958312
18548	9.42175655851903	9.89047289930284
18552	9.140453614598	9.83007848823672
18559	9.44948363743151	9.33035883634571
18560	-3.20279750738344	-1.9603943653785
18563	-3.20279750738344	1.61141113666629
18564	7.11021352824724	7.94314450982618
18569	10.7525683776775	9.92407132958114
18571	6.31481924093233	5.03489892506223
18574	6.87234631302698	7.14761504730226
18619	3.92712959291653	8.14127601157901
18642	-3.20279750738344	-1.9603943653785
18686	7.34027663519931	8.04233723284681
18701	9.7193308836064	10.5346237658311
18705	2.06130203229193	3.76241297797696
18724	0.121978574063814	-1.9603943653785
18741	-3.20279750738344	-1.9603943653785
18755	10.3891977554482	11.6333958659278
18781	9.89047289930284	9.01705845086816
18874	8.98397600458668	7.90503320894249
18899	-1.6454980879639	-1.9603943653785
18936	-3.20279750738344	-1.9603943653785
18940	-1.21714428338257	-1.9603943653785
18947	-3.20279750738344	-1.9603943653785
18985	-3.20279750738344	-1.9603943653785
18990	4.19673159009634	6.07877143014873
19012	9.71176561648362	10.2961037145885
19023	11.1617708194998	11.9657843680273
19030	9.54411548198274	7.12601726055662
19033	12.987990149343	13.1260183429476
19079	5.16377843689389	4.91000802625657
19121	7.64760137304292	8.71068651409516
19194	-1.6454980879639	-1.9603943653785
19199	-3.20279750738344	-1.9603943653785
19207	-3.20279750738344	-1.9603943653785
19229	0.279891911962412	-1.9603943653785
19264	5.43108206794269	3.1452722671279
19269	10.1338989199866	10.8724303807041
19273	-0.502418877246331	-1.9603943653785
19306	3.65038155818125	4.50675258640472
19322	8.09603725651011	7.05095696447091
19323	2.19264876475188	7.57714063848722
19360	3.2394618084645	5.45871827668135
19364	0.717947420559968	-1.9603943653785
19384	-3.20279750738344	-1.9603943653785
19386	1.86489248684655	5.26374187923683
19394	-3.20279750738344	-1.9603943653785
19397	7.82262627946646	9.29235667990363
19403	4.72574003554568	2.76054200132489
19533	6.50001805039151	5.56161889699817
19552	4.58827315049925	2.76054200132489
19559	3.84683710879704	5.61578084892869
19560	9.20691048186406	10.3473184145606
19568	8.77234949843877	8.86467048445636
19573	6.73796841759198	5.13747567547055
19589	10.2766982178204	9.99536063666753
19590	12.7299471042128	12.5764307090243
19597	10.3412654414471	11.3410771891217
19598	11.0705652566606	12.0729257018552
19599	3.53455265487085	1.61141113666629
19665	9.04176043045417	8.30384814618421
19666	2.67458287269613	-1.9603943653785
19702	-1.6454980879639	-1.9603943653785
19704	6.02448261411806	8.51083509525162
19769	9.57033012148019	9.43545735578924
19776	-0.936319905093152	-1.9603943653785
19783	0.904066995124005	-1.9603943653785
19789	7.55077122612337	7.79444567339458
19831	9.52508543644787	8.95163205656253
19854	9.22080398937995	8.65684065303911
19860	8.59601929669712	8.62279853400909
19863	6.80363065469487	6.40062891186406
19876	6.55812256614654	7.78441239950209
19881	8.80992705976501	7.63833544225907
19884	8.86467048445636	9.97657340749179
19885	7.60370052990417	6.75859751562536
19887	6.69530742377212	7.27338484260554
19937	-3.20279750738344	2.76054200132489
19978	10.0393699307199	9.05849745825566
19982	7.5089466492242	9.50364836680592
19995	8.4679519696057	10.7689524272096
20026	0.305355492487636	-1.9603943653785
20028	-3.20279750738344	-1.9603943653785
20029	-3.20279750738344	-1.9603943653785
20030	-3.20279750738344	-1.9603943653785
20050	8.65684065303911	6.46835303029553
20056	6.89375196679884	7.92595579454307
20070	1.92066351038333	1.61141113666629
20080	9.4564842887646	9.93510349844064
20081	12.4301036472464	12.3649372267969
20082	11.913432975156	11.7079080521794
20108	-1.6454980879639	-1.9603943653785
20115	5.97483949553004	2.76054200132489
20142	-3.20279750738344	-1.9603943653785
20150	5.34387609070427	3.1452722671279
20162	6.53914248450707	7.0893759896198
20165	10.9144009309769	9.76067839288985
20182	-3.20279750738344	-1.9603943653785
20188	2.23678565321679	-1.9603943653785
20196	2.87761584763475	2.76054200132489
20206	10.9313502182941	10.7431704578124
20209	-0.969564897572965	4.02847409032548
20211	-0.436071654758172	3.1452722671279
20213	-3.20279750738344	-1.9603943653785
20220	-3.20279750738344	-1.9603943653785
20253	4.89322899701744	4.94688843472448
20254	-3.20279750738344	-1.9603943653785
20296	-3.20279750738344	-1.9603943653785
20299	9.21345018757846	9.89615728700021
20301	4.57209051382036	2.34591050802666
20313	8.95163205656253	5.21019617413863
20315	8.05068617393311	8.8714556935058
20361	10.0682058034386	8.42565276673947
20391	-3.20279750738344	-1.9603943653785
20393	10.3826503067004	10.6100186960149
20394	4.97610673185188	8.53568794579551
20437	-3.20279750738344	-1.9603943653785
20440	7.12601726055662	7.88462788699226
20442	9.37867630042787	10.0462725334579
20453	5.05620854109913	7.17341222848707
20455	6.19986914112967	5.54612305092682
20534	-0.321893870655343	-1.9603943653785
20564	8.21418985597138	8.85590179712365
20605	10.4580418964186	10.1416830240498
20629	9.43545735578924	11.5795767844452
20646	9.33035883634571	4.20606224318351
20662	9.33944822454185	9.08859493354223
20672	11.7589319799433	4.48053926795425
20681	-3.20279750738344	-1.9603943653785
20684	4.36505390459797	4.89322899701744
20716	2.47956128484347	-1.9603943653785
20724	7.29826972851969	4.45932173456285
20777	8.71909153979629	10.1546619499065
20794	8.32045282854394	7.60370052990417
20809	9.97657340749179	10.6800240128221
20813	8.82662643252368	4.02847409032548
20821	7.76898420316534	8.84937586170546
20826	7.62220568381837	8.61378524054243
20842	-3.20279750738344	-1.9603943653785
20978	1.4023663240352	-1.9603943653785
20979	7.66637489108906	4.55399657788072
20982	7.01912118981387	6.66040655016247
20997	-0.870284387535802	-1.9603943653785
21020	8.16759414476355	7.72136854101687
21057	-3.20279750738344	-1.9603943653785
21060	7.46255652897645	3.76241297797696
21084	9.27199343282186	7.49052918942572
21092	6.01491614353142	4.86128175609723
21094	5.90515026325705	3.76241297797696
21097	6.78218886673918	7.99725131203862
21144	5.98658694240207	9.76790918493147
21147	-0.123240297940211	-1.9603943653785
21149	0.555372493431204	-1.9603943653785
21153	-3.20279750738344	-1.9603943653785
21154	3.88239259820725	1.61141113666629
21163	7.24752535605686	6.32620810934081
21189	8.93366551221975	9.00951571246721
21191	-0.613777090931718	-1.9603943653785
21199	10.0076415858675	5.96563179651015
21219	-0.0196718258405686	-1.9603943653785
21220	7.98669991134694	8.9921029048203
21222	8.15969632203894	9.42808412621299
21224	6.46835303029553	5.37219400351799
21230	-3.20279750738344	-1.9603943653785
21232	-3.20279750738344	-1.9603943653785
21236	5.25212226550374	7.54200788868633
21248	8.43413906256333	6.18536505249099
21287	6.37460557355996	3.76241297797696
21317	9.62048178272486	5.32422500116316
21321	10.2100481807796	10.7920188604267
21327	11.4394357027612	8.50430574137527
21336	6.88187478593561	7.41627049514877
21357	1.15215978713984	1.61141113666629
21388	8.02684911629348	5.29541660688152
21407	5.71620262556056	6.75097390298569
21414	9.03280907086824	11.1521397426643
21415	0.0942091685800567	4.14192421001084
21454	8.71068651409516	6.81381139450933
21477	8.60435151835628	9.54411548198274
21483	9.12595221762026	8.40562739399093
21490	9.34590603795741	10.3891977554482
21497	1.16860231852778	-1.9603943653785
21506	-1.6454980879639	-1.9603943653785
21546	6.75097390298569	7.74935551801111
21587	9.22937477999976	4.81039327378588
21591	-0.203451117368595	1.61141113666629
21595	8.89432038512811	4.30667133163296
21596	10.1265831760991	9.28615235484642
21597	6.34488996972939	8.87932693347689
21600	-0.0853860140131289	5.5227745065887
21604	8.80189357342047	4.16993056202684
21606	3.98432312508232	1.61141113666629
21609	9.87001745444806	7.52063247288898
21610	6.81381139450933	8.10501625798291
21643	11.5533481887991	10.1338989199866
21654	11.0530906849328	10.4177281641791
21696	3.67029906359435	5.67365904447448
21697	10.6562944515928	8.52811204737717
21698	11.693256702099	7.37510177204177
21701	10.9482488511538	7.93526201422618
21702	-0.780267061208633	-1.9603943653785
21707	10.5277898098326	10.472717707661
21726	6.47747145068506	6.86290577298554
21728	-3.20279750738344	-1.9603943653785
21731	-3.20279750738344	-1.9603943653785
21735	9.69831868961416	10.5069935253341
21736	6.45967367344533	3.62639472472821
21737	8.34007410361356	9.23707731302792
21754	7.17341222848707	7.70465073480604
21778	-3.20279750738344	-1.9603943653785
21789	11.6333958659278	11.3651907519189
21798	6.29660000316846	6.57132484598968
21803	8.20669964495308	11.1023565260661
21838	2.65408465399501	4.41916558897831
21839	1.05214945336261	-1.9603943653785
21843	-1.21714428338257	-1.9603943653785
21877	9.82244921369541	10.6386447202281
21879	13.1260183429476	13.1937573064161
21881	12.3337876778051	12.3337876778051
21882	12.0729257018552	11.9889448601022
21883	9.54933436459014	9.98289797542159
21888	1.62701518031018	-1.9603943653785
21892	6.82347653645633	6.93699011506364
21901	5.79192787569503	3.1452722671279
21903	-3.20279750738344	-1.9603943653785
21906	8.53568794579551	6.34488996972939
21915	6.57132484598968	8.22370082053868
21919	5.49484579149803	2.76054200132489
21987	9.58574883482683	10.7525683776775
22008	9.60220678669872	7.65745331224628
22011	8.19683261696063	8.9416699113454
22012	10.5943643905029	10.3955034203168
22013	9.95558901706516	9.52508543644787
22029	10.4385880414235	9.69133040297193
22376	9.85643601059583	9.53912136255472
22379	1.56666939290093	-1.9603943653785
22425	-3.20279750738344	-1.9603943653785
22468	7.21946419153769	3.88239259820725
22482	7.91351651286646	8.51860679139762
22494	9.89615728700021	8.37613938355465
22520	1.97152739699337	8.11355738073588
22593	9.11074323206926	8.21418985597138
22666	7.25465710334946	8.43413906256333
22692	10.6637338533377	10.4580418964186
22707	5.22479477737836	6.98722414093606
22715	9.69133040297193	7.04091510334125
22723	10.5724770434967	11.2676764057763
22724	8.62279853400909	8.82662643252368
22725	11.214200184391	11.1310315924611
22728	6.32620810934081	8.34007410361356
22742	6.15841489910505	4.39885090858743
22801	-3.20279750738344	-1.9603943653785
22806	-3.20279750738344	-1.9603943653785
22853	10.6100186960149	10.0682058034386
22865	9.19962219916037	9.37239951996411
22911	6.27896967498838	4.57209051382036
22963	1.59580709302241	1.61141113666629
23110	9.1564187208471	7.1852680781985
23232	7.47465002150828	7.4054305395333
23270	5.86335653330308	8.72740578673832
23279	3.57938024196354	-1.9603943653785
23284	6.53000803854995	7.49936668735203
23289	2.57767114506087	3.88239259820725
23312	6.4894463775744	6.26189218638637
23314	3.60265519116446	2.34591050802666
23315	4.55399657788072	6.55812256614654
23347	6.71550904781415	8.19683261696063
23349	5.65067416599716	7.87581563689406
